10
5
82 46
0011111010
1110010011
0011100010
1111011110
1001110001
5
89 61
1100010000
1110111010
1001110001
0100110001
0100111100
1
78 97
0111110011
6
86 39
0111111000
0000011011
1010011110
1010110111
0110011001
1010101110
6
55 94
0101100000
1010000101
1001001100
0010110010
1111100110
0010001110
5
97 54
1111011001
1010100011
0000001111
0001001011
1001001011
2
58 28
1000111011
1110000100
3
91 84
0001100111
0101010000
1001010100
8
16 30
0001010001
0000001001
0010101110
0111100101
1110110011
1110110101
0111001101
1000010110
8
26 81
1110010100
1111000110
1100110111
1101010111
0001100011
0100000100
1111101111
1111011001
